Accuracy: 0.8333333333
Sensitivity: 0.0000000000
Specificity: 1.0000000000
